5
48 59 623341540987517
17 26 1432
40 34 158
9 20 827
2 37 7
42 40 208
40 27 8
18 31 24
14 32 95
11 4 56
21 21 9
45 2 737
31 8 8277
2 9 545
13 34 2980
10 16 96
26 39 482
40 29 701
24 13 606
1 39 7
27 38 50
20 9 7711
16 31 7571
44 15 6160
20 32 190
8 41 2349
28 46 8932
9 39 7660
41 40 257
10 41 8594
8 29 399
14 1 4682
40 2 68
20 2 3
10 7 138
2 13 61
47 9 1
9 24 4
21 8 749
1 36 5667
28 7 19
23 5 3959
16 7 5899
29 2 4751
14 24 7410
46 19 7358
31 3 680
8 5 9012
2 44 1593
14 4 95
5 12 4
41 20 5184
5 35 6517
27 35 1
27 0 864
32 13 18
38 15 5
26 15 10
32 34 1
29 16 3980
44 55 22486882917368
1 7 4235
16 6 409
26 31 858
22 6 49
19 5 7931
17 20 745
25 43 2
11 8 7598
28 18 34
6 16 1643
28 20 8808
16 3 6845
27 14 53
29 16 7747
6 5 101
19 8 9078
6 2 46
29 8 2826
20 16 48
26 10 44
42 17 454
7 3 1493
14 6 992
5 6 9350
4 12 815
36 39 2046
36 13 44
22 26 605
40 11 6098
5 21 3
3 36 29
16 1 7924
7 9 10
2 8 8
31 7 9
18 33 6925
2 42 8584
4 2 6664
27 16 3357
7 24 9132
3 40 6
4 35 3805
2 26 3977
34 30 5
17 0 408
11 8 943
41 20 9786
33 32 6358
36 42 3
14 28 5859
41 12 3
27 19 12
8 30 3102
18 9 8939
38 4 2322
45 55 5598793966438826
14 7 5
39 40 16
31 18 2
21 18 207
40 14 353
4 41 157
10 7 3340
7 28 2543
41 33 2637
16 12 41
8 36 5203
36 30 3184
0 4 9
42 43 6469
19 18 318
4 33 338
29 38 23
0 17 9100
40 3 38
5 2 8
13 32 1750
28 8 69
7 6 5588
37 0 6
23 42 9702
32 1 6066
11 11 1761
11 23 7
2 20 588
6 10 44
37 6 5053
19 7 38
17 6 927
4 39 51
0 9 1177
10 33 405
16 16 9
39 2 7078
16 33 66
39 7 3218
3 28 3582
0 4 70
24 30 3963
42 5 6327
25 5 8779
8 34 2
40 37 608
10 10 829
13 25 1520
1 12 9899
0 10 687
31 35 7223
23 2 4904
21 41 12
15 0 24
43 51 35373967063269
39 28 6927
11 39 875
22 32 9954
20 15 5937
29 6 9249
39 10 2
31 8 7260
4 22 9702
9 10 4845
8 30 67
4 35 6730
9 34 8405
19 15 3154
37 4 3
12 36 8
2 12 8682
4 10 9878
29 32 672
11 1 5117
10 29 6
30 6 6030
24 24 1865
14 21 92
15 10 10
23 14 6588
7 17 5
18 7 28
41 0 2
27 31 1
36 0 80
15 9 720
1 4 8854
3 2 2538
4 0 6
31 3 78
1 0 50
33 2 4016
38 0 3
36 16 1650
29 13 6747
33 8 20
36 17 269
41 4 595
25 0 2636
1 16 7413
22 20 1712
11 19 39
2 7 72
29 3 9329
24 8 28
22 27 237
46 55 52487809530907
20 26 3063
3 38 5453
1 40 3884
28 39 6695
4 20 9449
41 36 8135
35 29 8944
2 11 8727
11 3 8091
0 30 7107
10 1 3544
33 44 72
37 10 3947
7 29 2339
17 1 8048
1 0 10
33 17 9763
12 24 778
35 40 7297
12 2 6396
23 43 61
19 33 819
9 10 7575
20 9 3000
7 8 5208
24 3 5741
40 43 4
37 14 434
7 21 9960
43 29 1636
39 45 4805
14 10 19
7 38 21
16 2 98
2 23 7
37 6 75
2 1 2777
38 5 96
9 2 167
40 30 1
19 7 3723
25 45 1650
30 23 680
4 43 48
6 5 8
7 4 3864
19 0 8983
18 8 3582
3 26 9691
35 3 173
9 39 8015
7 39 901
40 5 10
8 36 80
9 8 5854
