5
41 52 2272192698503
3 19 546
6 38 5955
22 27 8006
2 7 319
31 0 36
16 7 7580
1 2 7715
31 28 5497
10 29 1
1 16 33
29 7 6
14 22 5099
14 12 9560
7 14 2773
13 1 1368
8 36 4
0 20 2276
13 8 36
0 37 6597
27 28 8180
6 13 512
12 9 7428
37 27 9188
35 4 1
6 2 1589
4 1 5
30 23 2
9 2 35
11 6 519
15 15 9138
1 9 1912
33 33 4965
7 28 73
37 9 2546
1 6 9
8 20 8077
25 8 6616
8 7 5453
18 28 3085
9 1 595
8 4 99
17 31 8063
5 40 9700
34 8 8518
34 18 8101
8 3 5
5 5 8313
31 15 60
21 2 3327
21 0 174
4 16 7130
1 12 5185
48 59 619205331287722305
2 5 6
19 7 6
12 1 9900
26 13 455
10 24 4170
33 2 62
45 27 9305
3 40 693
1 3 4513
2 29 6562
27 23 720
3 31 10
40 21 6970
31 13 9012
24 20 848
5 1 9
41 31 202
1 18 550
24 33 1
23 3 6689
37 22 7
0 16 9
28 8 3545
14 12 4655
26 13 5144
37 3 6675
36 3 4204
40 26 6806
16 47 8930
5 9 5483
26 12 4383
45 46 8534
1 16 247
14 28 2430
37 32 3026
27 45 1484
5 35 9890
3 9 813
26 37 2101
40 36 9382
10 24 8664
44 0 1
47 36 13
33 1 8690
45 43 3058
4 41 7080
28 10 47
33 9 4325
2 26 7
30 28 6692
36 41 9401
22 9 919
24 37 69
39 40 4
27 43 488
10 2 5220
0 46 10
39 18 3560
6 24 8605
46 53 6145443712308973
32 6 3
8 23 19
43 5 3225
17 4 3
44 2 3851
31 26 3
21 2 2982
14 26 8426
11 36 1
16 4 914
44 0 9360
17 4 2175
44 26 5828
24 40 2
12 35 54
9 25 414
30 0 8147
7 2 4633
17 6 1896
29 21 699
0 2 5435
29 8 670
21 7 1382
36 8 8774
21 43 7896
45 25 28
10 13 7833
11 32 2960
19 30 318
6 9 3786
34 9 9981
30 15 75
13 8 38
33 39 1108
43 3 2391
27 25 1600
5 40 92
12 19 2308
2 37 937
31 28 3
0 6 3119
34 36 3341
43 4 2236
6 32 1631
1 32 7
22 27 480
1 37 10
12 37 6247
7 26 1699
42 33 1246
42 34 493
38 33 8469
44 6 8942
41 57 506612825916900234
8 7 3490
18 3 352
40 10 1259
1 15 30
9 7 5500
4 4 1
3 4 1384
15 40 778
30 0 947
28 15 6922
23 33 3165
19 32 3391
31 9 5
5 7 6
12 1 1427
39 40 352
3 9 3604
11 6 118
20 10 86
4 6 996
14 28 5384
31 15 59
34 9 38
2 27 2956
2 3 3
13 16 6
11 4 4167
27 39 4550
25 19 956
17 16 7
36 26 1027
20 34 865
13 22 3832
27 33 1172
5 37 55
8 4 1127
26 12 3
12 25 6664
11 29 404
4 26 1888
4 17 8955
22 3 1380
6 3 5
31 10 3455
7 31 78
35 35 2183
9 34 4010
32 34 5394
35 14 8609
4 9 9
25 0 914
16 2 3400
3 6 7
31 17 90
15 38 7691
29 10 2652
29 5 7
48 60 6350137386449
31 28 185
34 35 7671
3 25 1382
3 20 145
5 4 714
36 38 583
37 42 226
15 6 4
12 39 6752
24 21 348
12 34 8749
16 7 2523
19 13 506
13 23 1926
6 7 62
4 19 943
25 7 1
2 13 25
6 17 1
7 37 1327
3 39 6650
4 23 8183
9 10 66
28 10 832
4 2 450
39 0 50
39 3 10
1 42 6206
3 5 5030
3 16 5867
37 14 7
7 45 627
24 7 5002
0 8 7168
20 14 4842
47 36 6879
32 21 9575
39 7 2
14 16 1930
24 13 10
31 16 991
13 33 52
6 1 96
35 16 200
18 25 518
33 41 7285
23 6 5
12 23 9
42 9 8958
38 43 825
33 42 7636
43 3 6
31 3 36
34 36 379
22 44 9
11 2 4
10 33 2099
22 5 7368
31 8 716
37 15 69
