3
7 14 8025
6 0 75
4 0 153
6 1 1
2 0 28
4 2 145
0 2 237
3 2 151
6 3 156
2 3 35
6 1 73
5 1 3
2 4 2
6 6 52
1 4 272
9 33 3700
8 6 50
0 6 215
4 4 6
2 8 208
2 1 99
2 6 260
6 2 7
3 2 68
0 4 243
1 1 253
8 2 224
0 1 263
0 7 166
3 4 147
8 8 106
4 6 6
5 4 84
6 0 1
7 4 96
5 3 231
1 5 171
1 8 299
2 1 283
1 4 145
3 4 186
7 0 34
6 6 9
0 3 28
2 8 195
3 6 115
5 2 293
0 2 232
5 5 265
8 22 6115
0 2 5
3 6 167
4 1 56
1 2 129
3 4 229
6 6 49
5 2 28
5 3 59
5 4 11
3 1 208
6 4 263
0 1 24
1 1 214
0 0 108
4 2 90
5 1 1
3 3 241
1 4 116
4 1 7
6 4 97
5 2 139
1 6 45
