5
47 59 37424617821226
23 30 4
0 33 3
46 20 2
39 27 4456
14 11 8802
14 3 1
8 31 6338
42 43 5588
36 37 3730
5 7 9560
7 31 60
36 36 2565
36 3 8623
41 20 900
38 23 2
5 15 5494
20 27 7044
3 29 1
5 4 1876
23 1 6061
33 12 80
26 17 3630
3 9 8861
3 44 9416
1 15 678
18 40 1
1 3 3149
41 6 3401
44 3 3825
33 24 6977
45 35 2494
12 1 9036
44 21 6809
9 8 734
24 44 1594
5 1 5143
3 33 569
8 24 4
8 22 6451
11 9 5
22 39 7109
19 8 3
8 0 600
29 23 585
5 29 9028
39 25 7033
13 8 9
13 26 6158
3 29 56
14 16 3
25 26 1
17 23 487
24 16 3635
11 44 9779
0 14 892
10 31 36
46 1 40
6 30 10
0 32 940
46 54 3773520752923
0 24 3
26 4 839
37 35 8471
16 38 3396
11 38 5
32 41 450
23 37 5229
1 15 2540
6 17 2149
27 36 3690
5 42 579
30 22 6097
45 41 4455
43 5 1606
25 36 7
25 37 2
8 9 6164
12 11 1
25 7 96
43 38 9282
23 44 5985
2 22 5323
6 17 3
13 29 39
0 4 87
4 0 62
35 3 4138
11 4 28
21 10 5831
1 4 3
35 42 2
36 29 7291
22 27 3532
14 40 2677
11 29 5331
21 35 511
11 4 1
2 32 3331
24 28 7610
1 30 6228
35 0 6024
45 16 2926
39 11 1919
43 4 53
8 26 9527
22 35 7595
42 5 8453
18 17 25
21 7 9250
38 1 6761
28 23 3698
37 36 722
32 30 100
44 38 6799
41 52 3810696252937193
32 6 97
6 40 43
6 19 129
13 0 3635
11 22 8500
9 9 4
12 29 6970
8 15 1
7 36 4797
39 4 468
36 26 1
39 13 7492
12 40 5766
9 34 5132
40 3 9096
27 3 2686
16 31 1657
18 7 2522
38 20 490
20 1 5
28 20 6134
12 24 632
32 28 3967
37 27 8938
18 8 7365
3 38 367
1 36 421
6 9 80
29 24 7288
5 8 6988
11 40 8908
1 32 8
19 31 63
22 6 68
6 37 7690
3 24 9622
19 8 414
2 14 8761
5 40 8409
7 26 135
19 1 2872
30 5 2116
5 37 5562
29 25 7789
30 38 473
4 7 1416
1 11 24
5 26 8506
16 24 866
2 7 1921
26 19 1777
26 24 4033
45 51 1990931063533775
2 35 6292
9 36 9614
11 9 911
42 6 3284
30 40 5966
2 21 33
43 6 4078
38 43 4573
7 3 4533
43 7 29
38 0 646
35 0 288
9 0 33
37 3 4428
43 1 4
2 21 41
19 11 84
15 14 5
42 22 905
3 21 304
27 35 6614
44 16 7
3 24 8494
19 7 9780
28 43 2046
5 42 5560
42 4 7
26 18 1468
28 10 1
5 15 4097
27 38 8165
17 10 9658
6 1 3
28 36 2291
31 4 6936
14 22 3
5 9 20
39 24 5162
9 40 5349
41 0 100
7 18 4029
1 0 8814
27 24 5290
39 34 72
33 36 1
7 40 4394
31 37 83
30 29 33
36 14 9598
5 28 6324
3 39 9130
50 50 3176511934620442
44 4 4
15 16 7103
8 3 6
32 28 3482
23 1 918
2 5 8256
13 9 81
15 18 6622
42 20 83
1 26 9170
13 16 6
23 29 7910
1 34 4357
22 14 1215
12 43 2142
37 49 794
44 45 8
20 1 2232
38 7 73
33 26 82
5 42 618
33 4 44
47 0 4
12 40 5614
16 48 165
24 5 970
27 9 918
19 36 5438
38 25 3641
26 17 2794
5 11 6852
34 12 35
30 37 9836
40 44 3983
2 28 4828
48 46 8707
22 29 8578
18 24 4943
33 20 3444
49 38 2220
0 6 5836
5 8 420
3 5 4720
32 14 5377
31 6 10
19 0 3812
3 43 951
42 40 222
0 27 9020
0 30 4486
