4
12 18 8106
8 2 27
9 9 26
3 0 22
2 8 24
7 4 30
2 7 30
1 3 18
4 11 3
8 9 4
1 5 24
11 5 25
11 2 29
9 2 9
11 9 25
2 2 3
3 3 4
10 7 4
3 3 6
18 22 7324
2 13 12
16 17 8
17 12 7
10 3 29
6 16 19
9 1 22
9 4 16
2 1 15
12 6 20
8 7 3
14 12 7
3 6 8
14 3 4
3 0 20
17 5 30
1 12 11
6 7 11
8 7 12
4 12 18
0 2 22
15 2 13
11 12 11
10 22 6646
9 2 4
3 2 13
7 1 7
2 6 28
0 7 29
7 2 16
2 6 18
2 0 27
4 9 14
0 0 16
8 7 2
8 8 30
9 3 27
1 4 2
0 3 15
7 7 8
9 6 10
4 6 29
6 9 24
1 9 19
9 3 9
8 5 5
13 21 6891
3 4 18
2 11 21
8 6 28
6 12 9
8 5 4
9 8 26
2 12 21
4 8 24
8 8 29
4 2 18
2 11 25
10 10 8
3 8 28
1 1 25
4 4 7
2 7 8
2 2 23
0 0 10
11 7 1
9 3 16
11 11 23
