5
46 58 5062289638088734
6 0 5
14 5 74
2 42 5696
18 6 8884
31 43 84
38 23 3147
23 38 2200
0 4 6399
7 22 2626
32 40 696
3 2 5027
13 12 4598
32 4 5516
44 12 27
0 9 46
8 42 33
32 18 7787
31 38 2417
44 22 482
32 36 1759
3 43 24
12 23 5205
12 24 100
30 19 8861
26 12 30
6 33 7097
14 9 10
20 12 6231
18 7 9497
0 2 16
43 45 7479
3 6 85
6 1 2757
6 17 6262
45 11 445
5 20 8750
5 15 46
14 5 4783
26 7 220
4 41 9136
29 7 4859
15 41 5356
22 0 7939
27 5 7840
42 38 3
20 18 6427
40 4 443
30 4 363
17 6 5517
2 42 5541
30 28 3
27 25 8511
8 30 53
38 31 9783
2 36 8
21 34 5304
22 34 3285
31 35 45
40 55 627266710564359
8 16 331
3 25 8163
15 37 9192
3 1 7015
37 31 3682
14 37 5
36 31 13
6 30 4320
22 5 3995
29 16 7683
30 23 5894
7 27 4418
14 8 451
9 5 2851
32 27 3514
13 11 8
26 10 76
2 18 2
11 18 853
22 5 8123
13 38 1265
29 3 489
29 23 6
27 24 93
5 7 7855
25 27 46
26 33 5600
25 22 318
12 18 1605
3 15 396
5 12 61
20 0 6
2 34 5643
30 4 7397
21 7 6
3 11 1521
26 6 4
24 27 9560
27 22 2335
27 6 5956
7 34 6365
13 1 827
4 5 2772
5 30 3
32 38 211
13 17 9109
25 39 289
37 23 75
9 13 40
5 39 332
21 16 1712
15 7 4213
25 4 137
10 31 4829
28 20 4
42 54 57147877042788058
35 2 49
31 18 8325
31 3 99
9 17 533
27 9 2626
9 24 44
7 8 7669
37 38 3216
18 21 8825
10 32 2986
15 14 6048
30 23 5856
27 5 911
32 39 1685
2 14 1
31 40 1745
26 5 50
19 35 5252
0 41 3076
41 12 6805
23 16 4800
31 41 10
2 31 6230
39 36 8834
3 13 615
11 18 9784
4 16 7554
6 27 9
17 27 47
4 5 6
26 10 10
11 36 5991
17 17 34
28 25 28
38 13 9
15 7 1101
0 12 6473
16 0 7
19 16 9497
11 3 230
31 14 96
21 1 13
41 17 586
40 30 8216
1 21 110
4 9 1
14 31 6311
11 0 53
34 32 8607
1 12 6272
27 24 93
9 15 519
4 4 141
25 9 3435
50 58 8324925348654149
25 11 4745
34 1 6523
15 10 3107
9 20 4
47 2 361
20 41 17
1 43 8075
23 14 85
48 37 4445
4 48 7884
6 24 28
19 37 1061
46 38 410
34 38 2697
35 9 7
7 26 609
40 30 1598
27 28 2
0 17 2553
42 38 87
4 5 4004
4 18 5594
8 28 1397
44 30 1737
27 7 97
38 32 6130
14 19 32
22 19 1891
19 19 4590
5 12 8
40 2 6146
2 4 476
41 48 758
2 6 3
4 0 536
4 22 7973
6 20 5
9 29 3
47 46 871
8 39 3275
18 0 698
46 4 8223
37 34 4833
26 9 5367
46 21 8160
49 38 436
40 37 817
39 12 1
5 43 2161
24 19 5
35 5 2
32 27 8
36 34 6643
39 40 4852
17 36 29
19 31 9142
36 39 3513
11 9 9437
46 59 320897441290995
7 34 2934
13 22 3907
10 39 704
6 38 7
10 42 4044
3 0 1452
1 43 2371
2 15 11
8 3 437
22 34 4126
27 5 67
11 19 24
43 5 4569
18 27 7908
3 21 8700
8 31 7143
19 16 30
1 8 7169
23 42 30
6 42 8560
9 36 1439
44 6 5475
24 38 4042
5 24 9
1 12 276
31 4 58
39 11 452
6 7 608
15 40 4358
27 5 2614
3 37 80
11 25 4
32 6 7914
14 38 2259
17 35 11
24 16 2890
10 44 6662
1 38 71
23 17 1364
33 39 5780
21 11 3366
42 18 5970
12 39 3435
27 9 3753
39 43 4674
26 10 1
18 3 5589
32 35 9312
18 19 1932
37 6 399
5 37 5985
2 33 5223
40 0 95
13 19 247
43 28 8987
9 35 4241
28 28 3445
0 15 3655
2 7 1
